


a <- c(1:3)


a[1]
